Algoritmo: Busca Linear Iterativa
Tam. Array	Q1(ns)	Q2(ns)	Q3(ns)	Q4(ns)
1000	1143	1877	2713	3593
2000	1840	3589	5339	7085
3000	2787	5380	7965	10585
4000	3641	7133	10633	14095
5000	5009	8887	13258	17673
6000	5470	10641	15935	21255
7000	6275	12400	18527	24820
8000	7933	14967	22285	30147
9000	8075	15920	23878	31871
10000	8922	17673	26594	35405
Algoritmo: Busca Linear Recursiva
Tam. Array	Q1(ns)	Q2(ns)	Q3(ns)	Q4(ns)
1000	310	18244	15981	17736
2000	110	12547	30185	36195
3000	106	10840	32320	61295
4000	112	14680	28211	69486
5000	107	18688	29153	88305
6000	131	25218	36437	487602
7000	124	28255	39455	145919
8000	94	26311	47650	112533
9000	241	40212	251260	99603
10000	90	30991	48653	102237
